1 1
3 1
6 1
10 1
15 1
21 1
28 3
36 9
45 1
55 1
66 1
78 1
91 1
105 1
120 2
136 1
153 1
171 1
190 1
210 1
231 1
253 1
276 3
300 9
325 1
351 4
378 4
406 1
435 1
465 1
496 1
528 1
561 1
595 1
630 2
666 2
703 1
741 1
780 3
820 3
861 1
903 1
946 1
990 2
1035 1
1081 1
1128 2
1176 8
1225 1
1275 1
1326 1
1378 1
1431 4
1485 4
1540 3
1596 3
1653 1
1711 1
1770 1
1830 1
1891 1
1953 1
2016 6
2080 2
2145 1
2211 1
2278 1
2346 1
2415 1
2485 1
2556 9
2628 9
2701 1
2775 1
2850 2
2926 1
3003 1
3081 1
3160 1
3240 5
3321 1
3403 1
3486 1
3570 1
3655 1
3741 1
3828 3
3916 3
4005 1
4095 1
4186 1
4278 1
4371 1
4465 1
4560 1
4656 1
4753 1
4851 1
4950 4
5050 2
5151 1
5253 1
5356 3
5460 3
5565 1
5671 1
5778 4
5886 4
5995 1
6105 1
6216 2
6328 1
6441 1
6555 1
6670 1
6786 2
6903 1
7021 1
7140 3
7260 9
7381 1
7503 1
7626 1
7750 1
7875 3
8001 1
8128 1
8256 1
8385 1
8515 1
8646 1
8778 1
8911 1
9045 4
9180 12
9316 3
9453 1
9591 1
9730 1
9870 1
10011 1
10153 1
10296 12
10440 12
10585 1
10731 1
10878 2
11026 1
11175 1
11325 1
11476 3
11628 9
11781 1
11935 1
12090 1
12246 1
12403 1
12561 1
12720 1
12880 1
13041 1
13203 1
13366 1
13530 1
13695 1
13861 1
14028 3
14196 9
14365 1
14535 1
14706 2
14878 1
15051 1
15225 1
15400 4
15576 2
15753 1
15931 1
16110 2
16290 2
16471 1
16653 1
16836 3
17020 3
17205 1
17391 1
17578 1
17766 4
17955 4
18145 1
18336 1
18528 1
18721 1
18915 1
19110 2
19306 2
19503 1
19701 1
19900 9
20100 9
20301 1
20503 1
20706 1
20910 1
21115 1
21321 1
21528 12
21736 1
21945 1
22155 1
22366 1
22578 1
22791 1
23005 1
23220 12
23436 12
23653 1
23871 1
24090 1
24310 1
24531 1
24753 1
24976 1
25200 25
25425 1
25651 1
25878 1
26106 1
26335 1
26565 1
26796 3
27028 3
27261 1
27495 1
27730 1
27966 1
28203 1
28441 1
28680 2
28920 2
29161 1
29403 1
29646 1
29890 2
30135 1
30381 1
30628 3
30876 3
31125 2
31375 1
31626 2
31878 2
32131 1
32385 1
32640 1
32896 1
33153 1
33411 1
33670 1
33930 2
34191 1
34453 1
34716 3
34980 3
35245 1
35511 1
35778 1
36046 1
36315 4
36585 4
36856 1
37128 2
37401 1
37675 1
37950 2
38226 1
38503 1
38781 1
39060 9
39340 3
39621 1
39903 1
40186 1
40470 1
40755 1
41041 1
41328 5
41616 25
41905 1
42195 1
42486 1
42778 1
43071 1
43365 1
43660 3
43956 12
44253 4
44551 1
44850 2
45150 2
45451 1
45753 1
46056 2
46360 1
46665 1
46971 1
47278 1
47586 1
47895 1
48205 1
48516 3
48828 3
49141 1
49455 1
49770 2
50086 1
50403 1
50721 1
51040 2
51360 2
51681 1
52003 1
52326 1
52650 2
52975 1
53301 1
53628 3
53956 3
54285 1
54615 1
54946 1
55278 2
55611 1
55945 1
56280 2
56616 2
56953 1
57291 1
57630 1
57970 1
58311 1
58653 3
58996 3
59340 3
59685 1
60031 1
60378 1
60726 1
61075 1
61425 4
61776 4
62128 1
62481 1
62835 1
63190 1
63546 1
63903 1
64261 1
64620 9
64980 27
65341 1
65703 1
66066 2
66430 1
66795 1
67161 1
67528 1
67896 12
68265 1
68635 1
69006 1
69378 1
69751 1
70125 2
70500 6
70876 3
71253 4
71631 4
72010 1
72390 1
72771 1
73153 1
73536 1
73920 1
74305 1
74691 1
75078 2
75466 1
75855 1
76245 1
76636 9
77028 9
77421 1
77815 1
78210 2
78606 2
79003 1
79401 1
79800 8
80200 4
80601 1
81003 1
81406 1
81810 1
82215 1
82621 1
83028 3
83436 3
83845 1
84255 1
84666 1
85078 1
85491 1
85905 1
86320 1
86736 1
87153 1
87571 1
87990 1
88410 1
88831 1
89253 1
89676 9
90100 9
90525 1
90951 1
91378 1
91806 1
92235 1
92665 1
93096 16
93528 16
93961 1
94395 1
94830 1
95266 1
95703 1
96141 1
96580 3
97020 27
97461 1
97903 1
98346 1
98790 1
99235 1
99681 1
100128 1
100576 1
101025 1
101475 1
101926 1
102378 1
102831 1
103285 1
103740 3
104196 3
104653 1
105111 4
105570 4
106030 1
106491 1
106953 1
107416 1
107880 2
108345 1
108811 1
109278 2
109746 2
110215 1
110685 1
111156 3
111628 3
112101 1
112575 1
113050 2
113526 2
114003 1
114481 1
114960 1
115440 1
115921 1
116403 1
116886 2
117370 2
117855 2
118341 1
118828 3
119316 3
119805 1
120295 1
120786 1
121278 1
121771 1
122265 1
122760 12
123256 1
123753 1
124251 1
124750 1
125250 2
125751 1
126253 1
126756 9
127260 9
127765 1
128271 1
128778 2
129286 1
129795 1
130305 1
130816 1
131328 4
131841 4
132355 1
132870 1
